0
1
2
###### Round 1 Round 2 ... 
10
11
12
13
15
16
17
18
20
21
22
23
24
30
31
32
33
34

###### Weather
100
101
102
103
104
105
110
111
112
113
114
115
120
121
122
123
124
125
130
131
132
133
134
135
140
141
142
143
144
145
150
151
152
153
154
155
160
161
162
163
164
165
170
171
172
173
174
175
180
181
182
183
184
185
190
191
192
193
194
195
200
201
202
203
204
205
210
211
212
213
214
215
220
221
222
223
224
225
230
231
232
233
234
235
240
241
242
243
244
245
250
251
252
253
254
255
260
261
262
263
264
265
270
271
272
273
274
275
280
281
282
283
284
285
290
291
292
293
294
295
300
301
302
303
304
305
310
311
312
313
314
320
323

###### BGMs
900
901
902
903
904
905
906
910
911
912
913
914
915
916
917
918
919
920
921
922
930
931
932
933
934
935
940
941
942
943